 0   1   0   0   0   1   0   0   0   0   0   0   0   0   0   1   0   0   0   0   0   1   0   0   0   0   1   1   0   0   1   1   0   1   0   0   1   0   0   0   0   0   0   1   0   0   0   1   0   0   0   0   0   0   0   1   0   0   0   1   0   1   0   0   0   1   0   0   0   0   0   1   0   0   0   0   0   0   0   0   0   0   1   0   0   0   0   0   0   1   0   0   0   0   1   0   0   1   0   0    -0.075 
 0   1   0   0   1   0   0   0   0   1   0   0   0   1   0   1   0   0   0   0   0   0   0   0   0   0   0   0   0   1   1   0   0   1   0   0   0   1   0   0   1   0   1   0   0   0   1   1   0   0   0   0   1   0   0   1   0   1   0   0   1   0   1   1   0   0   0   0   0   1   0   0   0   0   0   0   0   0   1   0   0   1   0   0   0   1   0   0   0   0   1   0   0   0   1   1   0   0   1   0    -4.111 
 0   0   0   1   0   0   0   1   1   0   0   1   0   0   1   1   0   0   0   1   0   0   0   0   0   0   0   0   0   0   0   0   1   0   0   0   0   0   0   0   0   0   0   1   0   0   0   0   0   1   0   1   0   0   0   0   0   1   0   0   1   0   0   0   0   0   0   1   0   0   0   0   1   0   0   0   0   1   0   0   1   0   0   0   1   0   0   0   0   0   0   0   0   0   0   1   1   0   0   0    -3.429 
 1   1   1   0   0   1   0   1   1   1   0   1   0   0   0   0   0   0   0   0   0   0   0   0   1   0   0   0   0   0   0   0   1   0   0   0   1   0   0   0   0   0   0   0   1   0   0   0   1   0   0   0   0   0   0   0   0   0   0   1   1   0   1   1   1   0   0   0   0   0   0   1   1   0   0   0   1   1   0   0   0   1   0   0   0   1   0   1   0   0   0   1   0   0   0   0   0   0   0   0    -7.823 
 1   1   0   0   1   0   0   0   0   0   0   0   0   0   0   0   0   0   0   1   0   1   0   0   1   0   0   1   1   0   0   0   0   0   0   0   0   0   0   1   0   1   0   0   0   0   0   0   0   0   1   0   0   0   0   1   0   0   0   0   0   0   1   0   0   0   0   1   0   0   0   0   0   0   0   1   0   0   0   0   0   0   0   0   0   1   1   0   0   0   1   1   0   0   0   0   1   0   0   0    -4.292 
 1   0   0   0   1   0   0   0   0   0   1   0   0   0   0   1   0   0   0   0   1   0   0   0   1   1   0   0   1   1   0   0   0   0   0   0   1   0   1   1   0   0   0   0   0   0   0   0   1   1   0   1   1   0   1   0   0   0   0   1   0   1   0   0   0   0   0   0   1   0   0   1   0   1   0   1   0   1   0   1   0   0   0   1   0   0   0   0   0   1   0   0   0   1   0   0   0   1   1   1    -3.184 
 1   0   0   0   0   0   0   0   0   1   0   0   0   0   0   1   0   1   0   0   0   1   0   1   0   0   1   0   0   0   0   1   0   0   0   1   0   1   0   1   1   0   0   0   0   1   0   0   0   1   1   0   0   0   0   0   1   1   0   1   1   0   1   0   1   1   0   1   1   0   1   1   0   0   0   0   0   0   1   0   1   0   0   0   0   0   0   1   1   0   0   0   0   0   0   0   0   0   0   1    55.472 
 0   0   0   0   1   1   0   0   0   0   0   0   1   0   1   1   0   0   0   1   0   1   0   0   0   0   0   0   1   0   0   0   0   1   0   0   0   0   0   0   0   1   0   1   1   0   0   0   0   0   0   0   0   0   0   0   0   0   1   1   0   0   0   0   0   0   0   1   0   0   0   1   0   0   1   0   0   0   1   0   0   0   0   0   1   0   1   0   1   0   0   1   0   0   0   1   0   1   0   0     1.551 
 0   1   0   0   0   0   1   0   0   0   1   0   1   0   1   0   1   0   0   0   0   0   0   0   0   0   0   0   0   0   1   0   0   0   0   0   1   0   0   0   0   0   1   0   1   0   0   0   1   0   0   1   0   1   0   0   1   0   0   0   0   0   0   1   1   0   0   0   0   0   0   0   0   0   0   0   0   0   0   1   1   0   0   0   0   1   0   0   1   0   0   0   0   0   0   0   0   0   1   0     0.899 
 1   0   0   0   0   0   1   1   0   1   0   1   0   0   0   0   1   1   0   0   0   0   0   1   0   1   0   0   0   0   0   0   0   0   0   0   0   0   1   0   0   0   0   0   1   1   1   1   0   0   0   0   0   0   0   0   0   0   1   0   1   0   0   0   0   0   0   0   0   0   0   0   1   0   0   0   0   0   0   1   0   0   0   0   0   0   0   1   0   0   0   0   0   1   0   0   0   0   0   1    50.690 
 0   0   0   1   0   0   0   0   0   0   1   0   0   1   0   0   0   0   0   0   1   1   1   1   1   1   1   1   0   0   0   0   0   0   1   0   0   1   1   0   0   0   0   0   0   0   0   0   0   0   1   1   1   0   0   0   0   1   0   0   1   0   0   1   0   0   1   0   1   1   0   0   1   0   0   0   1   0   0   1   0   0   1   0   1   0   0   0   0   0   1   1   0   0   0   0   0   0   0   0     1.093 
 0   1   0   1   1   0   0   0   0   1   1   0   0   0   0   0   0   0   1   0   1   1   0   0   0   0   1   1   0   0   1   0   0   0   0   0   0   0   0   0   0   0   0   1   1   0   0   0   0   1   0   0   0   0   0   0   0   1   0   1   0   0   1   0   0   0   0   0   1   1   1   1   0   0   0   0   1   0   0   0   0   1   0   0   0   0   0   0   1   0   1   1   0   0   0   0   0   0   1   0    -6.477 
 0   0   0   0   0   0   0   1   0   0   0   1   0   0   0   0   1   0   1   0   1   0   0   1   0   0   1   0   0   1   0   0   0   1   0   0   0   1   0   1   1   0   1   0   0   0   0   0   0   1   1   0   0   0   1   0   0   0   0   0   0   0   0   0   0   1   0   1   0   1   0   0   0   1   0   0   0   0   0   1   1   0   0   1   0   0   1   0   0   0   0   0   0   1   0   0   1   0   0   0     1.188 
 1   1   0   1   0   0   1   0   1   0   0   0   0   0   1   1   1   0   0   0   1   1   0   1   0   1   0   1   1   0   0   0   0   0   0   1   1   0   0   1   0   0   0   1   1   1   1   0   0   0   0   0   0   1   0   0   0   0   0   0   0   0   0   0   0   1   0   1   1   0   1   0   0   1   0   0   0   1   0   1   0   0   0   0   1   0   0   0   1   0   0   0   0   1   1   0   1   0   0   0    10.102 
 1   0   0   0   0   0   0   0   0   1   0   0   0   1   0   0   0   0   0   0   1   1   0   0   1   0   0   0   0   0   1   1   0   0   0   0   1   0   0   0   0   0   0   0   0   0   0   0   0   0   0   0   0   0   0   1   0   1   0   0   1   0   0   1   1   1   0   0   0   0   0   1   0   0   0   0   0   0   0   0   1   1   0   0   0   1   0   1   0   0   0   0   0   0   0   0   0   0   0   0     0.221 
 0   1   0   1   1   0   0   0   1   0   0   0   0   0   0   0   0   0   1   0   0   0   0   0   0   0   0   0   0   0   1   0   0   1   0   0   0   0   1   0   0   1   0   0   0   0   0   0   0   1   1   0   1   1   0   0   0   0   1   0   0   0   1   1   1   0   0   0   1   0   0   0   0   0   1   0   0   0   0   0   0   1   0   1   1   0   1   1   0   0   0   0   0   0   0   0   1   0   0   0    -2.746 
 0   1   1   1   0   1   0   0   0   0   0   0   0   0   0   1   0   0   1   0   0   0   0   0   1   1   0   0   0   0   1   0   1   0   0   0   1   0   0   0   1   1   1   0   0   0   0   0   0   0   1   0   1   0   1   0   0   0   1   1   1   0   0   0   0   0   0   1   1   1   0   0   0   0   0   0   0   0   0   0   0   0   0   0   0   1   0   0   0   0   1   0   1   0   0   1   1   1   0   0    -0.504 
 0   0   0   0   1   0   0   0   0   0   0   0   0   0   0   1   0   1   0   0   0   1   0   0   0   1   0   1   1   0   0   0   1   0   0   0   0   0   0   0   0   1   1   0   0   1   0   0   0   0   1   0   0   1   0   1   0   0   0   0   0   1   0   0   0   0   1   0   0   0   0   0   0   0   0   0   0   0   0   1   0   0   0   0   0   0   0   0   0   0   1   0   0   0   0   0   0   0   0   1    49.465 
 1   0   0   0   0   0   0   0   0   0   0   0   0   0   0   0   1   1   0   1   0   0   0   1   0   0   0   0   1   0   0   0   0   0   0   1   0   0   0   0   0   0   0   0   0   0   1   1   0   0   0   0   0   0   0   0   0   1   1   1   0   1   0   0   0   0   0   0   0   0   0   0   1   0   1   0   1   0   0   0   0   0   0   0   0   1   0   0   0   0   0   0   0   0   0   0   1   0   0   0    47.292 
 0   0   0   0   0   0   0   1   0   0   1   0   0   0   0   0   1   0   0   0   1   0   0   0   1   0   1   0   0   0   0   0   0   1   0   0   0   0   0   0   0   0   1   0   1   0   0   1   0   0   0   0   0   0   0   0   0   0   1   0   1   0   0   0   0   0   0   0   0   1   0   0   0   0   0   0   0   0   0   0   0   0   1   1   0   0   0   0   0   0   0   0   0   0   0   0   0   0   0   1   -13.457 
 0   1   1   0   1   0   0   0   0   0   0   0   0   0   0   1   0   0   1   0   1   0   0   1   1   0   1   0   0   0   0   0   1   0   0   0   0   0   0   0   0   0   0   0   0   1   0   0   0   1   0   0   1   0   0   0   0   0   1   1   0   1   0   0   0   0   0   0   1   0   1   0   1   0   0   0   0   1   1   1   0   1   1   0   1   0   0   0   1   0   1   0   0   0   0   0   0   0   0   0    -0.840 
 0   0   1   0   0   0   1   0   0   1   1   1   0   0   0   0   1   0   0   1   1   0   0   0   0   0   0   1   0   0   0   1   1   1   1   0   1   0   0   0   0   1   0   0   0   0   0   0   0   0   0   0   0   0   0   0   1   1   0   0   0   0   0   0   0   0   0   0   0   0   0   1   0   0   0   0   0   0   1   0   0   0   0   0   0   0   0   0   0   1   0   1   0   0   0   0   0   0   0   0    -4.988 
 0   0   0   0   0   0   0   0   1   0   0   0   0   1   0   1   0   0   0   0   0   0   0   0   0   0   0   0   0   0   0   1   0   1   1   0   0   0   1   0   0   0   1   0   0   1   1   0   1   0   0   0   0   0   0   0   0   0   0   0   0   0   0   0   0   0   1   0   0   0   0   0   1   0   0   1   1   0   1   0   0   0   1   0   0   1   0   0   0   1   0   1   0   0   0   0   0   1   0   0    -5.464 
 0   0   1   1   1   0   0   0   0   1   0   1   1   0   0   1   1   0   1   1   0   1   0   0   0   0   0   0   0   1   0   0   0   0   1   1   1   0   0   1   0   0   0   1   1   0   1   0   1   0   0   1   0   0   0   0   0   0   0   0   0   1   0   0   0   1   0   0   1   0   0   1   1   0   1   0   0   0   0   1   0   0   0   0   1   1   1   0   0   0   0   0   0   0   1   0   0   0   0   0    -3.748 
 0   0   1   0   0   0   0   0   0   1   0   0   0   0   0   1   0   0   0   0   0   0   0   0   0   0   0   0   1   0   1   0   0   1   1   1   1   0   0   1   0   1   0   0   0   0   0   0   0   0   0   0   0   1   0   0   1   0   0   0   0   1   0   1   1   0   1   0   0   0   0   0   0   1   0   0   0   0   0   0   1   0   1   1   0   0   0   1   0   0   0   0   1   0   0   0   1   1   0   0    -3.466 
 0   0   1   0   0   1   0   0   0   0   1   0   0   0   1   0   0   1   0   0   0   0   1   1   0   0   0   0   0   0   0   0   0   0   0   1   0   1   0   0   0   0   0   0   0   0   0   0   0   0   0   0   0   0   1   1   0   1   0   0   0   0   0   1   0   0   0   0   0   0   0   0   0   0   0   1   0   1   0   0   0   0   0   0   0   0   1   1   0   0   0   0   1   0   0   0   1   1   1   0    49.390 
 1   0   0   1   0   1   0   0   1   0   0   0   0   0   0   0   0   0   1   0   0   0   1   1   0   0   0   1   0   0   0   0   0   0   0   0   1   0   0   0   0   1   0   0   0   1   1   1   0   0   0   0   0   0   0   0   0   1   0   0   1   1   0   0   0   0   0   1   0   1   0   0   0   0   0   0   0   1   1   0   0   0   0   1   0   0   0   0   0   0   0   0   0   0   0   0   1   0   0   0     1.445 
 0   0   0   0   0   1   0   0   1   0   0   0   0   0   0   0   0   1   0   0   0   0   0   0   0   0   0   0   0   0   1   0   0   0   0   0   0   0   0   1   1   0   0   1   0   1   1   0   0   0   0   1   0   0   0   0   0   0   0   0   0   0   0   0   0   1   0   0   0   0   0   1   1   0   0   0   0   0   0   0   0   0   0   0   0   0   0   0   0   0   0   0   0   0   0   0   0   0   1   0    54.114 
 0   1   0   0   0   1   0   0   0   0   0   0   1   1   0   0   0   0   0   0   0   0   0   0   1   0   0   1   0   0   1   1   1   1   0   0   0   0   0   1   0   0   0   0   0   0   0   0   0   0   0   0   0   0   0   1   0   1   0   0   1   0   1   0   1   0   1   0   0   0   1   0   0   1   0   0   0   1   0   0   0   0   0   0   1   0   0   0   0   1   0   0   0   0   0   0   0   0   0   1     0.194 
 1   1   0   0   0   0   1   0   0   0   1   1   0   0   0   1   0   0   1   0   0   0   0   0   0   0   0   1   0   0   1   0   1   0   0   0   0   0   1   0   0   1   0   0   1   0   0   1   0   1   0   0   1   0   1   0   0   0   0   0   0   0   0   0   0   0   1   1   0   1   0   1   0   0   0   1   1   0   0   0   0   0   0   1   0   1   0   1   0   1   0   1   0   0   0   1   0   1   0   0    -1.099 
 0   1   0   0   0   0   0   0   0   0   1   0   1   0   0   0   0   0   0   0   0   0   1   0   0   0   0   0   0   0   0   0   1   1   0   0   0   0   1   0   0   1   0   0   0   0   1   1   1   1   1   1   0   0   0   0   0   1   1   0   0   0   1   0   0   0   0   1   0   0   1   1   1   1   0   1   0   0   0   0   0   0   0   0   0   1   0   0   0   0   0   1   0   0   1   0   0   0   0   0     6.037 
 1   0   1   0   0   0   0   0   0   0   0   0   0   0   0   0   1   1   1   0   1   1   0   0   0   0   0   0   0   0   0   0   0   0   1   0   0   1   0   0   0   0   0   0   1   0   0   0   0   0   0   0   1   0   0   0   1   0   1   0   0   0   0   1   1   0   0   0   0   0   0   0   0   1   0   0   0   0   0   1   0   0   0   1   0   0   0   1   0   1   0   0   0   0   0   0   1   0   0   0    61.847 
 0   0   0   1   1   0   0   0   0   0   0   1   0   1   0   0   1   1   0   1   0   0   1   0   0   1   0   0   0   0   0   0   1   1   1   0   1   0   0   0   0   0   0   0   0   0   0   0   0   0   1   0   0   1   0   0   0   0   1   0   0   1   0   0   1   1   0   0   0   0   0   0   0   0   0   0   0   1   1   0   0   0   0   0   1   1   0   0   0   1   0   0   0   1   1   1   0   0   0   1    55.368 
 0   0   1   0   0   0   0   0   1   0   1   0   1   0   0   0   0   0   1   0   1   0   0   0   0   0   0   1   1   1   1   1   0   0   0   0   0   1   1   0   0   0   0   0   0   0   1   0   0   1   1   0   0   0   0   0   0   0   0   0   1   0   1   1   0   0   1   0   0   0   0   0   0   0   1   0   0   0   1   0   1   0   0   0   1   0   0   0   0   0   0   0   0   0   1   0   0   0   0   1     3.188 
 0   0   0   0   0   0   0   1   0   1   0   1   0   1   1   1   0   0   0   0   0   0   1   1   0   0   0   0   0   1   0   0   0   1   0   1   0   0   0   0   0   0   1   0   0   0   0   1   0   0   0   0   0   1   0   0   1   0   1   1   0   0   0   0   0   0   0   0   0   0   0   0   0   1   0   0   0   0   0   1   0   0   1   0   0   1   0   0   1   1   0   1   0   1   0   0   1   1   1   0     3.084 
 1   1   0   0   0   0   0   0   0   1   0   1   0   0   0   0   0   0   0   0   0   0   0   0   0   0   1   1   0   0   0   0   0   0   0   1   0   0   0   0   1   0   0   1   0   0   0   1   1   1   0   1   0   0   0   1   0   1   0   0   0   0   0   0   0   0   0   0   0   0   0   0   0   1   1   0   1   1   0   1   1   1   0   1   1   1   0   0   1   0   0   1   1   0   0   0   0   0   0   0    10.881 
 0   1   0   0   0   0   0   0   0   0   0   0   0   0   0   0   0   1   0   1   0   0   1   0   0   0   0   0   0   0   0   0   0   1   1   0   0   0   0   0   0   0   0   0   1   0   0   0   0   1   1   0   0   1   1   1   1   0   0   1   0   0   0   0   0   0   1   0   0   0   0   0   0   0   0   0   0   1   0   0   0   0   0   0   0   0   1   1   0   0   1   1   1   0   0   0   0   0   0   0    45.819 
 0   0   0   0   0   0   0   1   0   0   0   0   0   1   0   0   0   1   0   0   0   0   0   0   0   0   0   0   0   1   1   0   0   0   0   0   0   0   0   0   0   0   1   0   0   0   0   1   1   0   0   0   1   0   0   0   0   0   0   0   0   1   0   1   0   0   0   0   0   1   0   0   1   0   1   0   0   0   0   1   0   1   0   0   0   0   0   0   0   0   0   0   1   0   0   0   0   0   0   1    54.476 
 1   0   1   0   0   0   1   1   1   0   0   1   0   0   1   1   0   0   0   0   0   0   0   1   1   0   0   0   0   0   1   0   1   1   0   0   1   0   1   0   1   0   0   0   0   0   0   0   0   0   0   0   0   0   0   0   0   1   0   0   0   0   0   1   1   0   1   0   0   0   0   0   1   1   0   1   0   0   1   0   0   0   1   1   0   0   0   0   0   0   0   0   0   1   0   0   0   0   0   0    -1.726 
 0   0   0   1   0   1   1   0   0   0   0   1   0   0   1   1   0   0   1   0   0   0   0   0   0   1   0   0   0   0   0   0   0   0   0   0   0   0   0   0   0   1   1   0   0   0   0   0   1   0   0   0   0   0   0   0   0   0   1   1   0   0   0   1   0   0   1   0   0   0   0   0   1   0   0   0   0   0   0   0   1   0   0   0   0   0   1   1   0   0   0   0   0   1   0   0   0   0   1   1     3.805 
 0   1   0   0   1   0   0   0   1   0   0   0   1   0   0   0   1   0   0   0   1   0   0   0   0   0   0   0   0   0   0   0   0   0   0   0   1   1   0   0   0   0   1   0   0   1   1   0   0   1   0   0   0   0   1   1   0   1   0   0   1   1   0   1   1   1   0   1   1   0   1   1   0   0   0   0   0   1   0   0   0   0   1   0   0   0   1   1   0   0   1   0   0   0   1   0   0   0   0   0     3.089 
 0   0   0   0   1   0   0   0   0   0   0   0   1   0   0   0   0   0   0   1   1   0   0   0   0   0   1   0   0   0   0   0   1   0   0   1   0   0   0   0   0   0   0   1   0   0   0   0   1   0   0   0   0   0   0   1   0   1   0   1   0   0   0   0   1   0   0   0   0   0   0   0   0   0   0   0   0   0   0   0   0   1   1   0   0   0   0   0   0   0   0   0   0   0   0   0   0   0   1   0    -3.262 
 0   1   1   0   0   1   0   0   0   1   1   1   0   1   0   0   1   0   0   1   1   0   0   0   1   0   0   0   0   1   0   0   1   0   0   0   0   0   0   1   0   1   0   0   0   0   0   0   0   0   0   1   0   0   1   0   0   0   0   0   1   0   0   0   0   0   0   0   0   0   0   1   0   0   0   1   0   0   0   0   0   1   0   1   0   0   0   0   0   1   1   0   0   0   0   0   0   0   0   0    -7.521 
 0   1   1   0   0   0   0   0   0   0   0   0   1   1   1   1   0   1   0   0   0   0   0   1   0   1   0   1   1   0   1   0   0   0   0   0   0   1   1   1   0   1   1   1   0   0   0   0   1   0   0   0   0   0   0   1   0   1   0   0   0   1   0   0   0   0   0   0   1   0   0   1   1   0   0   0   0   0   1   0   0   0   1   0   0   0   0   0   0   0   1   0   0   0   0   1   0   0   1   0    44.894 
 0   0   0   0   0   0   0   0   0   0   1   1   0   1   0   0   0   0   0   0   0   0   1   0   0   0   0   0   0   0   0   0   0   0   0   0   0   0   0   0   0   0   1   1   0   0   0   0   0   0   0   0   1   0   1   0   0   1   1   0   0   1   0   0   1   0   0   0   1   1   0   1   0   1   1   0   0   0   1   0   0   0   1   1   0   0   0   0   0   1   0   0   0   1   1   0   0   0   0   0     0.968 
 0   0   1   0   0   0   1   0   0   1   0   0   0   1   0   0   0   0   0   1   0   0   0   0   0   0   0   0   1   0   0   0   0   0   0   0   0   0   0   1   1   1   0   0   1   0   1   0   0   0   1   0   1   1   0   0   0   0   1   0   0   0   0   1   0   1   0   0   0   0   0   0   0   0   0   0   0   0   1   0   0   0   0   1   1   0   0   0   0   0   0   0   0   0   0   1   0   0   1   0    -2.913 
 0   1   1   0   0   0   0   0   0   0   1   1   0   0   0   0   1   0   1   1   1   0   0   0   1   0   0   0   0   1   1   0   0   1   0   0   0   0   0   0   0   0   0   1   0   0   0   0   1   0   0   0   0   0   0   0   0   0   0   0   0   0   1   1   0   0   0   0   1   1   1   0   1   0   0   0   0   0   1   0   0   0   0   0   1   0   0   1   0   0   0   0   0   0   1   1   0   1   1   0     0.170 
 0   0   0   0   0   0   0   1   0   1   0   0   0   0   0   0   0   1   0   0   0   0   1   0   0   0   0   1   0   0   0   1   0   0   1   0   0   1   0   0   1   0   1   0   1   0   0   0   0   0   0   0   0   0   0   0   1   0   1   0   0   0   0   0   0   1   0   1   0   0   1   0   0   0   1   0   0   0   0   0   0   0   0   0   1   0   0   0   0   0   0   0   0   0   0   0   0   1   0   0    47.840 
 0   1   0   0   0   1   0   1   0   0   0   0   0   1   0   0   0   0   0   0   1   0   0   0   1   0   0   0   1   1   1   0   1   1   0   0   0   0   0   1   0   0   0   0   0   0   0   1   1   0   1   0   0   0   0   0   0   0   0   0   0   0   0   0   0   1   0   0   1   1   0   1   0   0   1   0   0   0   0   1   0   0   0   0   0   0   1   0   0   0   0   1   0   0   0   0   0   0   0   0    -5.190 
 0   1   0   0   1   1   0   0   1   0   0   0   1   0   0   0   0   0   1   1   0   1   0   0   0   0   0   0   1   1   0   1   1   0   0   0   0   0   0   0   0   0   1   0   0   0   0   0   0   0   0   0   0   1   0   1   0   0   0   0   0   1   0   0   0   1   0   0   0   0   1   0   1   0   1   0   1   1   0   0   0   0   1   0   0   0   0   1   0   1   0   0   0   1   0   0   0   0   0   0     0.716 
